nodes(11).
start(8).
goal(5).
name(1,esp).
name(2,ham).
name(3,hel).
name(4,hml).
name(5,kta).
name(6,lah).
name(7,lov).
name(8,rau).
name(9,tpe).
name(10,tur).
name(11,ukp).
vertex(1,320,230).
vertex(2,460,270).
vertex(3,330,220).
vertex(4,300,320).
vertex(5,450,250).
vertex(6,380,310).
vertex(7,410,250).
vertex(8,150,340).
vertex(9,270,380).
vertex(10,180,260).
vertex(11,140,300).
arc(3,1,19).
arc(4,1,104).
arc(7,1,102).
arc(10,1,149).
arc(5,2,27).
arc(6,2,115).
arc(7,2,60).
arc(1,3,19).
arc(6,3,105).
arc(7,3,89).
arc(1,4,104).
arc(6,4,75).
arc(8,4,195).
arc(9,4,78).
arc(10,4,142).
arc(2,5,27).
arc(6,5,121).
arc(7,5,46).
arc(2,6,115).
arc(3,6,105).
arc(4,6,75).
arc(5,6,121).
arc(7,6,79).
arc(9,6,129).
arc(1,7,102).
arc(2,7,60).
arc(3,7,89).
arc(5,7,46).
arc(6,7,79).
arc(4,8,195).
arc(9,8,142).
arc(11,8,50).
arc(4,9,78).
arc(6,9,129).
arc(8,9,142).
arc(10,9,162).
arc(1,10,149).
arc(4,10,142).
arc(9,10,162).
arc(11,10,70).
arc(8,11,50).
arc(10,11,70).
