nodes(16).
start(15).
goal(13).
name(1,esp).
name(2,ham).
name(3,hel).
name(4,hml).
name(5,jyv).
name(6,kta).
name(7,lah).
name(8,lov).
name(9,lpr).
name(10,mik).
name(11,pri).
name(12,rau).
name(13,sei).
name(14,tpe).
name(15,tur).
name(16,ukp).
vertex(1,320,230).
vertex(2,460,270).
vertex(3,330,220).
vertex(4,300,320).
vertex(5,380,460).
vertex(6,450,250).
vertex(7,380,310).
vertex(8,410,250).
vertex(9,510,330).
vertex(10,410,390).
vertex(11,160,380).
vertex(12,150,340).
vertex(13,230,500).
vertex(14,270,380).
vertex(15,180,260).
vertex(16,140,300).
arc(3,1,19).
arc(4,1,104).
arc(8,1,102).
arc(15,1,149).
arc(6,2,27).
arc(7,2,115).
arc(8,2,60).
arc(9,2,87).
arc(1,3,19).
arc(7,3,105).
arc(8,3,89).
arc(1,4,104).
arc(7,4,75).
arc(12,4,195).
arc(14,4,78).
arc(15,4,142).
arc(10,5,115).
arc(13,5,196).
arc(14,5,154).
arc(2,6,27).
arc(7,6,121).
arc(8,6,46).
arc(2,7,115).
arc(3,7,105).
arc(4,7,75).
arc(6,7,121).
arc(8,7,79).
arc(9,7,149).
arc(10,7,132).
arc(14,7,129).
arc(1,8,102).
arc(2,8,60).
arc(3,8,89).
arc(6,8,46).
arc(7,8,79).
arc(2,9,87).
arc(7,9,149).
arc(10,9,109).
arc(5,10,115).
arc(7,10,132).
arc(9,10,109).
arc(12,11,51).
arc(13,11,173).
arc(14,11,187).
arc(4,12,195).
arc(11,12,51).
arc(14,12,142).
arc(16,12,50).
arc(5,13,196).
arc(11,13,173).
arc(14,13,178).
arc(4,14,78).
arc(5,14,154).
arc(7,14,129).
arc(11,14,187).
arc(12,14,142).
arc(13,14,178).
arc(15,14,162).
arc(1,15,149).
arc(4,15,142).
arc(14,15,162).
arc(16,15,70).
arc(12,16,50).
arc(15,16,70).
