nodes(23).
start(23).
goal(18).
name(1,esp).
name(2,ham).
name(3,hel).
name(4,hml).
name(5,iis).
name(6,joe).
name(7,jyv).
name(8,kok).
name(9,kta).
name(10,kuo).
name(11,lah).
name(12,lov).
name(13,lpr).
name(14,mik).
name(15,pri).
name(16,rau).
name(17,sei).
name(18,svl).
name(19,tpe).
name(20,tur).
name(21,ukp).
name(22,var).
name(23,vsa).
vertex(1,320,230).
vertex(2,460,270).
vertex(3,330,220).
vertex(4,300,320).
vertex(5,450,630).
vertex(6,590,510).
vertex(7,380,460).
vertex(8,240,640).
vertex(9,450,250).
vertex(10,480,540).
vertex(11,380,310).
vertex(12,410,250).
vertex(13,510,330).
vertex(14,410,390).
vertex(15,160,380).
vertex(16,150,340).
vertex(17,230,500).
vertex(18,550,420).
vertex(19,270,380).
vertex(20,180,260).
vertex(21,140,300).
vertex(22,490,470).
vertex(23,160,560).
arc(3,1,19).
arc(4,1,104).
arc(12,1,102).
arc(20,1,149).
arc(9,2,27).
arc(11,2,115).
arc(12,2,60).
arc(13,2,87).
arc(1,3,19).
arc(11,3,105).
arc(12,3,89).
arc(1,4,104).
arc(11,4,75).
arc(16,4,195).
arc(19,4,78).
arc(20,4,142).
arc(6,5,201).
arc(8,5,230).
arc(10,5,84).
arc(5,6,201).
arc(10,6,136).
arc(18,6,141).
arc(22,6,120).
arc(8,7,243).
arc(10,7,147).
arc(14,7,115).
arc(17,7,196).
arc(19,7,154).
arc(22,7,126).
arc(23,7,272).
arc(5,8,230).
arc(7,8,243).
arc(23,8,120).
arc(2,9,27).
arc(11,9,121).
arc(12,9,46).
arc(5,10,84).
arc(6,10,136).
arc(7,10,147).
arc(22,10,78).
arc(2,11,115).
arc(3,11,105).
arc(4,11,75).
arc(9,11,121).
arc(12,11,79).
arc(13,11,149).
arc(14,11,132).
arc(19,11,129).
arc(1,12,102).
arc(2,12,60).
arc(3,12,89).
arc(9,12,46).
arc(11,12,79).
arc(2,13,87).
arc(11,13,149).
arc(14,13,109).
arc(7,14,115).
arc(11,14,132).
arc(13,14,109).
arc(18,14,104).
arc(22,14,88).
arc(16,15,51).
arc(17,15,173).
arc(19,15,187).
arc(23,15,191).
arc(4,16,195).
arc(15,16,51).
arc(19,16,142).
arc(21,16,50).
arc(7,17,196).
arc(15,17,173).
arc(19,17,178).
arc(23,17,78).
arc(6,18,141).
arc(14,18,104).
arc(22,18,87).
arc(4,19,78).
arc(7,19,154).
arc(11,19,129).
arc(15,19,187).
arc(16,19,142).
arc(17,19,178).
arc(20,19,162).
arc(23,19,240).
arc(1,20,149).
arc(4,20,142).
arc(19,20,162).
arc(21,20,70).
arc(16,21,50).
arc(20,21,70).
arc(6,22,120).
arc(7,22,126).
arc(10,22,78).
arc(14,22,88).
arc(18,22,87).
arc(7,23,272).
arc(8,23,120).
arc(15,23,191).
arc(17,23,78).
arc(19,23,240).
