nodes(26).
start(23).
goal(16).
name(1,esp).
name(2,ham).
name(3,hel).
name(4,hml).
name(5,iis).
name(6,joe).
name(7,jyv).
name(8,kaj).
name(9,kok).
name(10,kta).
name(11,kuo).
name(12,lah).
name(13,lov).
name(14,lpr).
name(15,mik).
name(16,oul).
name(17,pri).
name(18,raa).
name(19,rau).
name(20,sei).
name(21,svl).
name(22,tpe).
name(23,tur).
name(24,ukp).
name(25,var).
name(26,vsa).
vertex(1,320,230).
vertex(2,460,270).
vertex(3,330,220).
vertex(4,300,320).
vertex(5,450,630).
vertex(6,590,510).
vertex(7,380,460).
vertex(8,480,730).
vertex(9,240,640).
vertex(10,450,250).
vertex(11,480,540).
vertex(12,380,310).
vertex(13,410,250).
vertex(14,510,330).
vertex(15,410,390).
vertex(16,360,770).
vertex(17,160,380).
vertex(18,320,720).
vertex(19,150,340).
vertex(20,230,500).
vertex(21,550,420).
vertex(22,270,380).
vertex(23,180,260).
vertex(24,140,300).
vertex(25,490,470).
vertex(26,160,560).
arc(3,1,19).
arc(4,1,104).
arc(13,1,102).
arc(23,1,149).
arc(10,2,27).
arc(12,2,115).
arc(13,2,60).
arc(14,2,87).
arc(1,3,19).
arc(12,3,105).
arc(13,3,89).
arc(1,4,104).
arc(12,4,75).
arc(19,4,195).
arc(22,4,78).
arc(23,4,142).
arc(6,5,201).
arc(8,5,92).
arc(9,5,230).
arc(11,5,84).
arc(18,5,198).
arc(5,6,201).
arc(8,6,231).
arc(11,6,136).
arc(21,6,141).
arc(25,6,120).
arc(9,7,243).
arc(11,7,147).
arc(15,7,115).
arc(20,7,196).
arc(22,7,154).
arc(25,7,126).
arc(26,7,272).
arc(5,8,92).
arc(6,8,231).
arc(16,8,182).
arc(18,8,196).
arc(5,9,230).
arc(7,9,243).
arc(18,9,126).
arc(26,9,120).
arc(2,10,27).
arc(12,10,121).
arc(13,10,46).
arc(5,11,84).
arc(6,11,136).
arc(7,11,147).
arc(25,11,78).
arc(2,12,115).
arc(3,12,105).
arc(4,12,75).
arc(10,12,121).
arc(13,12,79).
arc(14,12,149).
arc(15,12,132).
arc(22,12,129).
arc(1,13,102).
arc(2,13,60).
arc(3,13,89).
arc(10,13,46).
arc(12,13,79).
arc(2,14,87).
arc(12,14,149).
arc(15,14,109).
arc(7,15,115).
arc(12,15,132).
arc(14,15,109).
arc(21,15,104).
arc(25,15,88).
arc(8,16,182).
arc(18,16,75).
arc(19,17,51).
arc(20,17,173).
arc(22,17,187).
arc(26,17,191).
arc(5,18,198).
arc(8,18,196).
arc(9,18,126).
arc(16,18,75).
arc(4,19,195).
arc(17,19,51).
arc(22,19,142).
arc(24,19,50).
arc(7,20,196).
arc(17,20,173).
arc(22,20,178).
arc(26,20,78).
arc(6,21,141).
arc(15,21,104).
arc(25,21,87).
arc(4,22,78).
arc(7,22,154).
arc(12,22,129).
arc(17,22,187).
arc(19,22,142).
arc(20,22,178).
arc(23,22,162).
arc(26,22,240).
arc(1,23,149).
arc(4,23,142).
arc(22,23,162).
arc(24,23,70).
arc(19,24,50).
arc(23,24,70).
arc(6,25,120).
arc(7,25,126).
arc(11,25,78).
arc(15,25,88).
arc(21,25,87).
arc(7,26,272).
arc(9,26,120).
arc(17,26,191).
arc(20,26,78).
arc(22,26,240).
