nodes(30).
vertex(1,501,703).
vertex(2,106,357).
vertex(3,494,79).
vertex(4,414,741).
vertex(5,160,667).
vertex(6,448,755).
vertex(7,581,438).
vertex(8,93,733).
vertex(9,575,861).
vertex(10,867,110).
vertex(11,386,716).
vertex(12,931,722).
vertex(13,599,741).
vertex(14,238,515).
vertex(15,124,607).
vertex(16,522,37).
vertex(17,837,978).
vertex(18,316,936).
vertex(19,719,454).
vertex(20,626,796).
vertex(21,318,4).
vertex(22,623,549).
vertex(23,570,943).
vertex(24,878,920).
vertex(25,528,924).
vertex(26,270,364).
vertex(27,825,695).
vertex(28,88,310).
vertex(29,64,490).
vertex(30,735,865).
arc(1,13,106).
arc(1,7,277).
arc(1,4,95).
arc(1,11,116).
arc(1,22,197).
arc(13,22,194).
arc(13,20,62).
arc(13,9,123).
arc(13,1,106).
arc(13,6,152).
arc(22,27,250).
arc(22,19,136).
arc(22,7,119).
arc(22,13,194).
arc(22,1,197).
arc(27,22,250).
arc(27,12,110).
arc(27,20,224).
arc(27,24,232).
arc(27,19,264).
arc(12,27,110).
arc(12,24,205).
arc(12,19,342).
arc(12,10,616).
arc(24,30,154).
arc(24,12,205).
arc(24,17,72).
arc(24,27,232).
arc(30,17,153).
arc(30,24,154).
arc(30,9,161).
arc(17,30,153).
arc(17,24,72).
arc(17,23,270).
arc(17,18,523).
arc(23,25,47).
arc(23,18,255).
arc(23,17,270).
arc(25,18,213).
arc(25,23,47).
arc(25,9,79).
arc(25,6,187).
arc(18,25,213).
arc(18,23,255).
arc(18,17,523).
arc(18,4,219).
arc(18,11,231).
arc(4,18,219).
arc(4,6,37).
arc(4,1,95).
arc(6,25,187).
arc(6,9,166).
arc(6,4,37).
arc(6,13,152).
arc(9,25,79).
arc(9,20,83).
arc(9,30,161).
arc(9,13,123).
arc(9,6,166).
arc(20,9,83).
arc(20,13,62).
arc(20,27,224).
arc(11,7,340).
arc(11,5,232).
arc(11,18,231).
arc(11,1,116).
arc(7,22,119).
arc(7,11,340).
arc(7,10,436).
arc(7,1,277).
arc(7,26,320).
arc(10,19,375).
arc(10,16,353).
arc(10,12,616).
arc(10,7,436).
arc(19,22,136).
arc(19,12,342).
arc(19,10,375).
arc(19,27,264).
arc(16,21,207).
arc(16,3,51).
arc(16,10,353).
arc(21,28,383).
arc(21,16,207).
arc(28,29,182).
arc(28,21,383).
arc(28,26,190).
arc(29,8,245).
arc(29,28,182).
arc(29,2,140).
arc(29,15,132).
arc(8,29,245).
arc(8,15,130).
arc(8,5,95).
arc(15,8,130).
arc(15,5,70).
arc(15,14,147).
arc(15,29,132).
arc(5,15,70).
arc(5,11,232).
arc(5,8,95).
arc(5,14,171).
arc(14,26,155).
arc(14,2,206).
arc(14,15,147).
arc(14,5,171).
arc(26,2,165).
arc(26,14,155).
arc(26,28,190).
arc(26,7,320).
arc(2,26,165).
arc(2,14,206).
arc(2,29,140).
arc(3,16,51).
