nodes(30).
vertex(1,659,160).
vertex(2,598,246).
vertex(3,711,959).
vertex(4,377,74).
vertex(5,571,880).
vertex(6,299,65).
vertex(7,518,755).
vertex(8,901,322).
vertex(9,189,343).
vertex(10,444,913).
vertex(11,765,691).
vertex(12,830,984).
vertex(13,695,214).
vertex(14,412,872).
vertex(15,480,337).
vertex(16,326,736).
vertex(17,948,378).
vertex(18,62,232).
vertex(19,226,101).
vertex(20,133,600).
vertex(21,662,578).
vertex(22,449,788).
vertex(23,554,816).
vertex(24,65,800).
vertex(25,791,157).
vertex(26,748,978).
vertex(27,406,206).
vertex(28,756,646).
vertex(29,926,781).
vertex(30,464,589).
arc(1,13,65).
arc(1,25,133).
arc(1,27,258).
arc(1,4,295).
arc(1,2,106).
arc(13,8,233).
arc(13,1,65).
arc(13,25,112).
arc(8,25,199).
arc(8,13,233).
arc(8,21,351).
arc(25,8,199).
arc(25,17,272).
arc(25,13,112).
arc(25,1,133).
arc(25,4,423).
arc(17,29,404).
arc(17,28,330).
arc(17,25,272).
arc(17,21,349).
arc(29,17,404).
arc(29,12,225).
arc(29,26,266).
arc(29,28,218).
arc(12,29,225).
arc(12,26,83).
arc(26,12,83).
arc(26,10,311).
arc(26,3,42).
arc(26,29,266).
arc(10,26,311).
arc(10,24,396).
arc(10,14,53).
arc(10,5,132).
arc(10,22,126).
arc(10,3,271).
arc(24,20,212).
arc(24,18,569).
arc(24,10,396).
arc(24,14,355).
arc(20,24,212).
arc(20,16,237).
arc(16,22,134).
arc(16,20,237).
arc(16,14,161).
arc(22,16,134).
arc(22,14,92).
arc(22,7,77).
arc(22,23,109).
arc(22,10,126).
arc(14,22,92).
arc(14,16,161).
arc(14,10,53).
arc(14,24,355).
arc(7,30,175).
arc(7,23,71).
arc(7,22,77).
arc(30,7,175).
arc(30,15,253).
arc(30,9,369).
arc(15,30,253).
arc(15,21,303).
arc(15,9,292).
arc(15,2,150).
arc(21,28,117).
arc(21,15,303).
arc(21,17,349).
arc(21,2,339).
arc(21,8,351).
arc(28,21,117).
arc(28,11,46).
arc(28,17,330).
arc(28,29,218).
arc(11,28,46).
arc(11,23,246).
arc(11,3,274).
arc(23,11,246).
arc(23,7,71).
arc(23,22,109).
arc(3,26,42).
arc(3,11,274).
arc(3,10,271).
arc(2,15,150).
arc(2,27,197).
arc(2,21,339).
arc(2,1,106).
arc(27,9,257).
arc(27,4,136).
arc(27,6,178).
arc(27,2,197).
arc(27,19,209).
arc(27,1,258).
arc(9,27,257).
arc(9,19,245).
arc(9,30,369).
arc(9,15,292).
arc(19,18,210).
arc(19,9,245).
arc(19,27,209).
arc(18,24,569).
arc(18,19,210).
arc(4,27,136).
arc(4,6,79).
arc(4,1,295).
arc(4,25,423).
arc(6,27,178).
arc(6,4,79).
arc(5,10,132).
