nodes(30).
vertex(1,452,714).
vertex(2,464,102).
vertex(3,668,907).
vertex(4,767,215).
vertex(5,65,303).
vertex(6,687,284).
vertex(7,990,604).
vertex(8,683,377).
vertex(9,528,941).
vertex(10,56,389).
vertex(11,345,330).
vertex(12,735,250).
vertex(13,777,782).
vertex(14,77,408).
vertex(15,807,459).
vertex(16,934,882).
vertex(17,858,890).
vertex(18,898,399).
vertex(19,159,669).
vertex(20,604,266).
vertex(21,182,389).
vertex(22,113,989).
vertex(23,381,506).
vertex(24,60,824).
vertex(25,252,462).
vertex(26,587,617).
vertex(27,907,783).
vertex(28,1,198).
vertex(29,36,927).
vertex(30,101,426).
arc(1,26,167).
arc(1,23,220).
arc(1,22,437).
arc(1,19,297).
arc(1,9,240).
arc(1,3,290).
arc(26,15,271).
arc(26,8,259).
arc(26,1,167).
arc(26,23,235).
arc(26,3,302).
arc(15,26,271).
arc(15,7,234).
arc(15,18,109).
arc(7,18,225).
arc(7,15,234).
arc(7,13,278).
arc(7,16,284).
arc(18,7,225).
arc(18,15,109).
arc(18,12,221).
arc(12,6,59).
arc(12,8,138).
arc(12,20,132).
arc(12,18,221).
arc(6,20,85).
arc(6,12,59).
arc(6,8,94).
arc(20,2,216).
arc(20,11,267).
arc(20,6,85).
arc(20,12,132).
arc(20,8,137).
arc(2,28,473).
arc(2,20,216).
arc(2,4,324).
arc(28,5,123).
arc(28,2,473).
arc(5,28,123).
arc(5,14,106).
arc(5,10,87).
arc(5,11,282).
arc(14,21,107).
arc(14,24,417).
arc(14,5,106).
arc(14,19,274).
arc(21,14,107).
arc(21,30,90).
arc(30,25,156).
arc(30,21,90).
arc(25,30,156).
arc(25,11,162).
arc(11,23,180).
arc(11,25,162).
arc(11,20,267).
arc(11,5,282).
arc(23,11,180).
arc(23,1,220).
arc(23,26,235).
arc(23,8,329).
arc(8,26,259).
arc(8,12,138).
arc(8,6,94).
arc(8,20,137).
arc(8,23,329).
arc(24,22,174).
arc(24,10,436).
arc(24,19,184).
arc(24,14,417).
arc(22,24,174).
arc(22,29,99).
arc(22,19,324).
arc(22,1,437).
arc(29,22,99).
arc(29,10,539).
arc(10,24,436).
arc(10,5,87).
arc(10,29,539).
arc(19,22,324).
arc(19,24,184).
arc(19,1,297).
arc(19,14,274).
arc(4,2,324).
arc(13,17,135).
arc(13,7,278).
arc(13,3,166).
arc(17,9,334).
arc(17,16,77).
arc(17,3,191).
arc(17,13,135).
arc(17,27,118).
arc(9,17,334).
arc(9,16,411).
arc(9,1,240).
arc(9,3,145).
arc(16,17,77).
arc(16,9,411).
arc(16,7,284).
arc(3,17,191).
arc(3,13,166).
arc(3,26,302).
arc(3,1,290).
arc(3,9,145).
arc(27,17,118).
